563 347
517 276
536 276
568 276
529 276
350 217
493 217
575 245
604 245
604 245
560 245
626 245
474 217
337 192
505 192
523 192
523 217
345 217
620 192
112 192
581 192
568 192
477 169
217 169
403 148
349 148
530 169
540 169
344 148
527 111
355 111
248 111
255 129
400 111
400 111
397 111
400 129
523 129
238 95
276 95
276 95
360 95
394 95
394 95
401 95
363 95
216 80
270 80
363 95
392 80
360 80
414 80
264 80
160 80
425 67
399 67
224 67
174 80
218 67
23 67
244 67
390 67
399 67
238 55
238 55
145 55
161 67
230 67
160 44
387 44
388 44
253 44
313 44
147 44
451 55
69 44
28 44
199 44
449 44
444 44
519 34
162 44
247 34
154 34
123 34
206 34
491 34
263 34
556 25
594 34
24 25
107 25
471 25
467 34
142 25
142 25
327 25
327 25
119 25
649 25
132 25
29 25
203 25
34 25
307 34
143 25
210 25
160 25
159 25
539 25
48 25
