443 276
442 276
465 217
411 217
331 192
490 169
391 169
560 169
328 169
568 148
556 148
497 148
387 148
310 148
329 148
300 129
300 129
291 129
360 129
553 129
339 111
286 111
549 111
292 111
307 111
307 111
272 95
272 95
535 95
616 95
306 95
306 95
320 95
497 95
497 95
385 95
345 95
590 80
277 95
274 80
527 80
527 80
390 80
390 80
353 80
249 80
326 80
493 80
383 80
445 80
354 80
354 80
514 67
514 67
482 67
297 67
284 80
483 67
444 67
505 67
509 67
387 55
387 55
496 55
331 55
497 55
442 55
411 55
411 55
508 67
311 67
586 55
289 55
369 55
261 44
261 44
460 44
591 44
554 44
445 44
371 44
508 44
608 34
659 34
495 34
534 34
440 25
