593 217
589 192
652 169
601 192
653 192
636 148
648 169
702 169
413 148
413 148
534 148
472 148
664 129
599 129
599 148
583 129
593 111
593 111
591 111
445 111
445 111
412 111
412 111
679 111
561 111
428 95
582 95
595 111
401 95
390 80
406 95
552 80
596 95
410 80
426 95
426 95
467 95
467 95
508 80
560 95
406 80
510 80
555 80
588 80
499 67
298 67
508 67
356 55
507 67
302 55
547 55
460 67
515 44
544 44
452 44
452 44
454 55
304 44
304 44
315 44
315 44
317 44
325 44
325 44
325 44
331 44
502 44
319 44
355 44
435 44
540 44
513 34
522 44
356 34
321 34
325 34
503 34
507 44
431 44
447 34
335 34
299 34
299 34
319 34
649 25
300 34
353 25
790 25
790 25
779 25
336 25
47 25
507 25
304 25
423 25
521 25
