192 347
293 310
674 310
255 276
681 276
377 245
121 276
121 276
623 245
445 217
461 217
196 245
306 217
156 245
230 245
385 217
62 217
306 192
233 217
568 192
241 217
366 192
452 217
332 192
602 192
257 192
199 192
252 169
455 148
484 148
454 148
393 148
285 169
303 169
262 169
261 129
279 148
242 148
262 129
444 111
442 111
402 111
546 111
551 111
521 95
400 95
399 111
398 95
519 95
433 95
222 95
585 80
552 95
383 80
407 80
407 80
631 80
400 67
530 67
556 67
338 55
620 55
406 67
523 67
632 55
632 55
561 55
559 67
569 67
640 55
430 55
639 44
729 44
331 44
557 44
654 44
546 44
537 44
431 44
609 44
669 44
249 44
356 44
351 44
554 44
590 34
209 44
427 44
639 34
639 44
658 34
365 44
307 34
307 34
505 34
652 34
735 34
676 34
642 44
280 25
458 25
297 25
627 25
70 25
676 25
676 25
690 25
775 25
657 25
412 34
567 34
464 25
464 25
250 25
666 25
647 34
652 25
653 25
469 25
763 25
654 25
278 25
639 25
250 25
250 25
271 25
