468 192
468 192
471 192
781 217
478 192
686 169
545 169
703 148
703 148
674 148
495 148
760 111
515 111
704 129
671 111
696 111
696 111
568 111
710 111
526 95
752 95
424 95
565 95
763 95
679 111
744 80
672 80
563 95
529 80
538 80
710 95
765 80
716 80
712 80
718 80
536 80
565 80
562 80
759 67
426 80
431 67
738 67
739 67
696 67
701 67
250 67
544 67
220 67
511 55
671 55
671 55
699 55
462 67
639 55
747 67
747 67
581 55
723 67
722 67
451 67
738 55
246 55
259 55
459 55
674 44
674 44
723 44
715 44
660 44
258 44
258 44
249 44
647 44
653 44
653 44
698 44
261 44
345 44
742 44
249 34
216 44
257 34
640 34
629 34
227 34
737 34
712 44
245 34
681 44
252 25
247 25
247 25
743 25
229 25
229 25
259 25
640 34
197 25
752 25
644 34
650 25
632 25
432 34
435 34
261 25
738 25
642 25
713 25
117 25
