381 347
798 217
425 129
417 129
419 129
413 111
396 95
562 80
459 80
459 80
555 80
424 80
581 67
358 67
541 67
567 80
456 67
426 67
460 67
471 67
540 67
332 67
339 67
469 55
564 55
564 55
538 55
419 55
453 44
556 44
554 55
626 44
540 44
540 44
499 44
499 44
428 44
613 44
463 44
495 44
554 44
589 44
534 44
500 34
500 34
571 34
651 44
357 44
368 44
562 34
606 34
642 34
642 34
729 44
456 34
616 34
454 44
486 34
452 44
602 34
380 25
474 25
607 25
509 25
499 34
509 34
505 34
450 25
450 25
540 25
540 25
556 25
556 25
556 25
646 25
363 34
617 34
429 34
501 34
328 25
626 25
626 25
437 25
331 25
480 25
658 25
464 25
588 25
643 25
614 25
614 25
454 25
449 25
499 25
364 25
