331 192
131 169
321 192
131 148
323 148
326 148
142 129
284 111
38 111
38 111
129 129
78 111
231 95
234 95
373 80
261 80
261 80
587 80
101 80
55 80
129 80
93 80
104 80
334 80
76 80
90 95
90 95
227 80
50 80
126 80
36 80
237 80
77 80
95 67
95 67
253 67
370 67
373 80
549 67
580 67
551 67
100 67
42 67
245 67
100 55
128 67
154 55
52 67
94 67
83 55
102 44
125 44
125 44
342 44
340 55
550 44
556 44
531 44
139 44
362 55
362 55
544 44
567 44
284 34
584 44
159 34
55 34
550 34
57 44
539 34
572 34
86 44
86 34
591 34
215 44
601 25
172 34
90 25
91 34
583 25
56 25
553 25
553 25
531 25
542 34
571 25
75 25
548 34
160 25
