356 276
360 276
333 217
377 192
309 169
309 169
406 169
239 169
407 169
471 169
412 148
304 148
229 148
470 148
484 148
544 129
469 129
542 129
246 129
508 129
508 111
508 111
460 111
250 111
505 129
461 111
415 111
503 111
384 111
264 95
261 95
533 95
454 95
304 95
480 95
534 80
308 80
308 80
510 95
451 80
445 80
409 80
409 80
411 80
271 80
271 80
272 80
349 80
301 80
313 67
502 67
355 67
294 67
314 67
321 67
332 67
416 67
381 55
456 67
410 55
410 55
323 55
304 55
464 55
425 67
361 55
357 55
388 55
367 55
511 67
212 55
353 55
360 44
538 44
378 44
339 44
209 44
302 44
302 44
358 44
355 44
300 44
298 44
191 34
140 34
362 34
196 34
