382 169
156 169
386 148
385 169
392 111
392 111
154 129
434 111
158 129
93 111
104 111
83 111
177 95
390 95
451 80
451 80
451 80
428 80
160 95
86 80
435 67
161 67
88 67
232 67
170 80
168 67
496 67
429 67
243 67
79 67
483 55
494 55
183 55
183 55
203 55
166 55
166 55
166 67
242 55
427 67
427 67
84 67
165 55
403 55
403 55
417 55
417 55
417 55
176 67
496 44
476 44
489 55
494 55
81 44
465 34
492 44
161 34
158 44
163 44
402 44
408 34
496 34
421 34
186 34
154 34
242 25
485 34
426 34
234 34
488 34
165 25
496 25
408 25
161 25
