354 148
414 148
359 129
695 129
264 111
368 111
672 111
261 95
362 95
640 95
370 111
676 80
676 80
262 95
258 80
666 95
625 80
401 80
401 80
370 80
404 80
263 80
367 80
291 67
678 67
675 80
665 67
675 67
550 80
400 67
519 67
376 67
405 67
664 55
664 55
314 55
656 55
678 55
678 55
678 55
300 67
680 55
321 55
626 55
265 67
270 67
414 55
319 44
327 44
516 55
292 55
317 44
387 55
646 44
680 44
677 44
333 34
673 44
99 34
637 34
315 44
398 44
621 34
377 34
302 34
531 25
315 34
639 25
588 34
624 25
311 34
675 34
520 34
376 34
393 25
625 25
309 25
309 25
308 25
