417 169
643 169
414 169
413 148
701 148
433 129
652 148
365 111
704 111
646 129
407 111
704 95
363 95
701 95
616 95
354 80
367 80
375 80
347 80
648 95
639 95
713 80
378 80
367 67
373 67
631 67
631 80
302 67
712 67
316 55
317 55
396 55
616 55
376 55
400 55
326 44
636 44
712 44
300 44
307 55
295 55
636 55
396 44
372 44
625 44
331 44
316 44
635 55
518 55
305 44
624 34
333 34
596 34
633 34
300 34
392 44
378 44
627 44
616 34
298 44
361 25
320 34
645 34
556 25
255 25
567 34
256 25
377 34
377 25
360 25
633 34
634 25
722 34
633 25
635 25
389 25
640 25
719 25
374 25
